158

1155, 41, 5. rans, rumliq 18, 48.
Pius, 41, 1. Raphael, 14, 49.
plagas, 55511555111922, 16. 15551155, Hine, Fieber 14, 45.
5111145151, 5515511155 IV, 31. 38,10. .
plaitz, 85515 28, 30. 77511159 15551515551, 51155555 34,12.
planamen, 15119 30, 9. [32,21. 1555145155151155511, 81591.
planen, Brett 18, 33. 65. IV, 39.
plens, 1155153554. ¹ redorta, 1115551559 VI, 27.
plevis, Vemay 43,4. Ι 1511511151, 55, 5151 erquicken
PogS, Puy 36, 2. 27, 4.
Ρ51115, ,4551155 41, 37. refrenat, 5555711155 27, 32. 40,
1151111515115555,5151155115555, 40. 43,17.
mit 15 18, 56. 5515114, 43. raganhar‚ 5511115 Ζᾶ1555 flet·
7, 12. 25, 29. 5515112136.
5515151155, Lech 18, 52. 15555111, 15951155 4, 52.
prais = prat IV, 5. ⁴ 155515114515,0155524,55.37,10.
51111155, 55515111, 8. 155555,11115115115177,71. 16,30.
Proensa, Provence‚ Bioqr. 84. retrags, 1351151125, 8.
. 941103. 122. 6, 73. 12, 46. 1511151151, 55195155 18, 35.
13,1. 17, 2. 20, 51. 30,Ιο 1115115111,11151511113159563. ,
41, 27. 43, 18. 44, 75. 4, 35. 9, 39. 22, 31. 41,19.
1155115515, 8, 33. 1155515510115,Βι”591.1155511. ¹
Pueinautier, Loba de, Bioqr. ι. 26.
113. 129. 1551111515 ,115551555155 Land-
5551515130, 11, ,
Rachel, 14, 50. 85155,11155517,9(Ι,55511.) ,
1151555545,1511Β15111,Βι“595. 1151111515, Blascols, Bioyr. 104. 1
“” 120. 9, 38. 36, 17. 9, 7. (1111151115, Bioqr. 131. ,
1151155115, von 0515115, Bioyr. Rostanhs, Guilhelms,Herrvon 1
110. R. GauzerandePiuos, 5511559.. 111. 1
55911555511551151- rotz, zemma 41, 24. 1
“ ,551111,Β5”591.109.111115]Ι 11511555, 30, 19.
555 15515555, Bioqr. 96. 1151515, 17, 9. 44, 71.
nina, 81111130, 44, Rozier, Mon-, 12, 39.
1151111515,Βί59182. 13, 55. 63. 11111515, 1111151, Bioyr. 50. 59.
20, 44. 32, 55. 36, 4. 43, 19. ·
15115,55155151,Β1591.100.34, 55551155, Wiuen VI, 17.
151155151518,44. [27. 55115155, 55755155515153, 15.

 

