159

ᾴ--ι--ῦ

11311111, (1111111111 30, 2l.
8111111, 8, 20.

61111111, 7, 54.

Salonics, 29, 80

111111, 1111111 18, 28.
3111111111, 8111111111 ,6, 79.

solorius, 1111111111 14 , 11.
11111111, Η111144, 70.
Suria, 19, 39.

11111111, 19, 40.
11111111, 9111119110, 17.
111111 111111. talio), Strase9, 54.

11819183137011, 31091. 119. Tarasco VH 38
1111911111, 29, 4. ’ “ ’ ’
61111111, 35, 53. .
311 (1Ἀ11111111,Β1“ο91. 107.
61111, 6111 d'Albar, 6, 68.
81111111, 13, 58.
11111111, 11911111 3, 62. 25, 46.

Segur, 29, 47.

11911111, sicher, zuverldseiy 18,

8111111111, 6, 79. 9, 53. [13.

1111111111, Pfad 30, 17.

senhorius, Herrschaft 14, 15.
24, 2. 18. 31, 8. 38,18.

sepulcre, (1111.) 6111 22, 21.

serrata, 1119 20, 47.

serva, (sem. v. serf.) 1111111111
19, 20. .

siat, 1111911111, 17.

1111111111, 11111911 111, 27.

sobransiers, 1111119111 32, 15.

sobravinens, 11111119 14, 8.

sobrecochar, 11111111 26,16.

sobreparlar, 11 viel 19111111
26, 32.

1111911111, 1191111111, 11-
111911 25, 25.

11111111111111,111111911111191
13, ‘252 19,13.

1ο1111111111,11111111111111-
91111137.

1111, 81111 18, 28.

sossi, Erlaubuise VI, 35.

1111, 136, 12.
1111111, Tafel 18, 55.

1111111111, [1111111111 Ι,’ 7.
temptat, 1111111111, 1111111

12, 24. 25, 68.

tensos, 811111 7, 87. Tenzone 39,

11111, Kops 24, 55. [l.

Tios, 1111111111· 41, 17.

11111111, 611125, 32.

Tolo, Τ111117, 80.

Toloza, Toulouse, 131191. 1.
27, 68. 30, 37. 0111311111
von, Bioyr. 97.

11111, (111111 36, l. V1,36.

Toto, lo, 7, 84.

1111111111,111111111111111,7.

1111, 71111 9, 40.

11111111, 1111111111 14, 27.

1116111, 1111 14, 16.

1111111111, 1111111127, 64.

treps, 81111145, 36.

11111, 1111 1111111111111, 11-
11111111 42, 45.

tries, 1111111194, 11.

11111111, bestrichen 20, 42. hin·
(11114, 71. 751 [31.

11111111, 81111. 1111111, 81191.

Ues, 1111111, Bioqr, 1.
11111111, 1111111911 14, 55.
3111.

 

