152

Aragonos, Araqonier 25, 33. 5515151,1551151155151,Βι’591.

, 51511115, Netz 27, 9. [27, 69.
5151, pfltiqen 27, 40.
Argonsa, 12, 38.
11115, 7, 80.
Amans, Graj 27, 65.
51115511 von 655151555171551.
51555115,32,24. [109.
51551515, 359555555115 8, 15..
QHQQ
51155551, 1551515555 18, 49.
Artus, 6, 29. 13, 48.
5555155111, 15111955 18,10.
115155, 29, 75.
515115, Erwartunq 32, 52.
55551115, 5511555151 11515515-
ο chen) 19, 69.
5115155, 9515155 25, 23.
55115111, 46, 46.
Aurenja, Nantolh von, 5, 54.
aurius, 15155131, 15.
5511551511, im 1155119511 37, 51.
551511, 151551, 35.
5155151511, 9515111151 17, 50.
5115515155, 95151555 11, 28.
Avinho, Graj 555, 7, 92.
5111551555, Ζονη,Τ 1511512126.

IV, 34.

badar, anstarren 37, 9.
bags, 1=bais1 braun 25, 15.
5511515, 85551. 11555, 31591. 48.
66. 91.
855551515505155151358.
551511, 5555155555 3, 34. VI,
55555, Sita 18, 20. [54.
bandus, 1111115111, 44.
5515, Baron 27, 36.

2
Β5111215, Βίοφν. 29. 33. 34. 42.

5555555

8, 81. 36, 3. 45, 29.
8511551555, 29, 86.
Β551, 1151151, 1115959.
55515115, 1151111551 44, 83.
Β511, 7, 85.
Beljocs‚ 29, 41.

55555555, 9111511155 26, 34. ¹

5555515555, 55555ηά55 35551-

men 18, 23.
bera, Bahre 21, 1.

Β515111 de Mondesdier 30, 20.

Bertolmieus, GrasVI, 55,

Β151115, in derProvence, Bioqr.

120. 5, 6. 36,18.
51515555, Schwanken 12, 45.
Β155511, 39, 9.
blancors, Weisse, 4, 63. 16, 57.
Β1555515, 11515555, 81591. 101.
5155515115, Tadler 111, 21.
515115, 91555155 6, 4.
boja, 1151151251.
Bon-Repaus, 29, 43.
1151551155 , Bourbona, 23, 61.
borges, 35195122, 23. [41,7.
5155, Loclcpseise 24, 11.
Β151511115, 6, 29.
MQZffiffiffimffi
brius, Wertla 14, 34, 5595511111
31, 39.
511551, brec-laen 21, 39. 41, 8.
51555, 1151155, 855595 33, 10.
5151551, Keime 55555 37, 37.

 

