11

wrm, jeder 110100 10010001 0100001000, jode 8100050 01111611
0061111άο006ωο 0001001011οΜ 01010 0516000001 00010010.
50011001001011111. 8. gai] 001111. 9. 0101110. 010]
0110010 0. 10. 00011]οο10. 11. 010. 12. 00000011.
10 sen-c.

14. 0000511. 1011100. 16. 00000000001001
0100500011. 20.0000]000011,11. 0001010501).
190010000]0011000. 210000101111111. 010010.
00000]οω 0. 000 00 11.

25. 00100 011. 000010 0. 26100011. 281011.
19. quat 1111000010 500011.Ι εο001 ab. 0. 50010100
0110 Ha„ 01001 wie 01101101000051001000001011011001011. Auel»
0600 ben 1010 110100 0010100 010. 90. 00100 lm 6000000
00. ειο.1.101010011. 31001011. 000. 0000.
32. 01000. 10010100 0. 88.10]0111. 3411000010000
011. 01100οΙ3011. 36000000 0000-το00000100011.

381000010011011. 40011011. mifoo. 01101
men sui griou 0. 41. 001011. 4110000. 0000000011.
00100000100011. 411111. 45. 00101111. 011010.
46. 00111. 0000 &miei 0. 41. am fehlt Β. 01) 11.

51. 05 un 101011, 52. mi 101 Β. 0000 10010 001001
011. 58. 00000] 00011 O. 54. 0001111011. 55. ram
011. 56. 000] 0011. 51. niquis 0. per pus 0110011.
58110110. 11110011. 59.Ι 00000111. seruit 1010.
00011010. 60.0’00]0101111111.

61. 1001011. 64. 0110010111 11. 65. 0000011. 66.
100011. 68. 0010. 69. ren 00000110. 10. 001000.
12. amem 0.

13. 00011. 000011. 1510011. 18000001Μο
80. permonbon O. 81. 00100 011. 82. 0100]οΟ11.
83. 100110. 84. 0010100 O. 0010111.

86. 0100100 11. 010050001οε0. 88. 001 ro 000 01 0.Ἰ
11 101 fir die Zeile nur 0010001 1000011000. 89. sim 100011.
90100111. husos 0. 91110015111010100011.
91. 1000111. 94. 000 bon sen 011. 95. 1100001000οο
011. 10001 L M 0 R. 96. 000 00 10 0000011 muel 0.
= 0001 10 501010001 11.

91- 100. 10111 O 11. 99. eram renovel L M.

 

