157

...ι-ι...-

Mondesdier, 31111111, 30, 20.
Μ1111111111, 41,17. 42, 44.
Mongalhartz, 29, 39.
Mongibols, 29, 3.
Monjais, 29, 48.
1111111111, 29, 86.
1111111111, 29, 25.
111191111111, 30, 10. 43.
1111111111, 8, 29. 36, 2.
Μ111111111, 12, 39.
Mons-antico, 29, 63.
Μ111111111, 29, 42.
Montesquius 14,14.
Montolius, 14, 51.
1111111111, 11111911 (1111 19,
Mor, 111111. [18. 35, 55.
1111111111,1ὄ1111111,11111111111
40, 1.

1111111111 (1411111915, 54.
Narbona, 18, 34. Aimeric von,
29, 58.
1111111111, (111111 23, 57.
uuili, 111111, Β1191. 15.
nois, 11191111345, 17.
nelenquir, 1111111111111911Π,
11111111, ’11111111 33, 15. [15.
11111111, 71111111 4, 34.
1111111, Ν1’1111, 81191. 12.
11111111, 11119123, 15.

obediens, 9111111111 6, 23.

01111111, 30, 19.

ombrius, 1111111,]11111143, 28.

Ongria, 11191114, 8.

111111, (11111 7, 41.

orbs, 111111 1 orbas, 1111111
Bliader 35, 39.

0191, 15, 35.

111, Bar 3, 80.
1111, 8111111, Α19111111136, 18.
1111111, 119111 vl, 49.

Palem, 41, 21.

pansa, 111111 18, 56. 33, 9.
par, 81111. 8111111111 26, 24.
paria, 31111144, 20.

pasca, 011111 34, 6.
passius, Leidemckaft 11, 34.
1111111111, Hirr VI, 7.
91111, Psau 30, 30.
9111111, 11911911 22, 50.
21111, 1111111111 von Pavia
41, 34. ’
Ρ1111,Κ6111’9(Ρ1111111)29,85.
46, 44. Ρ1111 111111, 111191.
1 ff. 39, 1. 45, 49.
Ρ111111, Ρ1111111, Ρ1111“1116,54.
9, 39. Graj von, 24, 57. 35,
57. 60. ·
9111111111,11111111111,811911.
9111111111, 919111 1111144.
peream, (1111111120, 16. 919111.
46, 46.
perdona, Verzeihunq VI, 31.
9111111111, 1111132, 14.
91111111,11111111111141, l6. “
91111111, in (1191111111 16, 1.
Ρ1111, 1111119111, 35, 16.
persona-:³ 11111. Hp, 111191. 64.
91111111, 11111111111133, 9.
9111111, 1111111111 18, 15.
Pinos, Raimon (11111111 von,
Β1191.108.
911111, 91111133, 17.
pinnas, 1111111140, 114115.
piu, (111119 der deel 38, 3.

 

