153

441414, 114414141137, 33.
04141411, 641119444431491.
0414411114, 27, 68. [125.
04114114, 32, 45.

44111114, 74494 3, 79.

44114, 11441141 30, 4.
4414414, 1144441 14, 19.
0411144414, 0144444144 V, 16.
4444414114,Ρεὶάό411,11149422.
canavas, 144141, 26.
041141,114111111141, Bioqr. 105.
4411114114, 1141141135, 53.

4411141411, 114164444420, 11.

44111414, Kapital 15, 28.
0414414444, (141141,Βι“494. 123.
8, 23. 12, 12. 22, 48.
0414444414, VI, 36.
04114114, 29, 48.
44144114, 71441449 44, 16.
44414114, 14414414 6, 60.
0441414, 0441111443, 7. 14, 57.
23, 59.

044141140114141444, 4411111441,
0441114411, 19. 18, 45.
0441411411, 1111441 von, Bioqr.
0441411411, 111411 von, Bioqr.
4441141, durch Τ adela 44414444

1414444, Bioqr. 58.
04411411, mos 1414, oder mos,
20, 50. 24, 61. 31,45. 32,56.
3757. 44, 43. 45, 92. 38, 46.
43, 45.
0414144, 0414144144 25, 33.
0414141114, 0414144144 45, 33.

0444114411, Capitol V, 15.
444414, 14144936, 18.

4414411414, 1144144135, 49.
4411114141,41ν4114414,27.43,
444, Τη14110,1. 23, 38. [9.
0444, 01129, 67.
41444, 1114414 18, 33.
4114, 4494414444 12, 25.
Gipre, Cypern, Bioqr. 12.
4141411414, 8111114114 18, 29.
0141414, Ort 29, 47.
44144, 441419 6, 56.
4414114444, 4411944 34441444
16, 32. IV, 11.
colomba, Taube 14, 40.
4441414114, 1144414414, 12.
4411141484,Βςῂ*ι“4114”944925,68.
0444441414, S. 144144 de,
14, 44. “
44141414, 04411419, 35. 12,15.
44111414, Verwandter44,49.
4414144414,44141441194414444
14, 23.
4414411404, 1141144144 VI, 24.
0444141144, 18, 31.
Constantinoble, 11149413.
comaga, 4441144125, 47.
contranaisser, 4411141411 Iv , 19.
44141414, 1144444, 14434, 7.
4411114444, 17441144 43, 4.
014114, (14944414 der Provenee
30,12.
01414114, 32, 43.
crime, 3444141119449 31, 39.
41114144144114114435, 12. 37,
411414141114141135, 23. lv, 18.
41414, 44114411, 414114414119
4, 21. 41, 36.

 

