156

1111111,811111,1101111111111111 1111111111, 11111133, 10.

1111111,14,50. [11,61. 11111,1111111111,Β1191,105. ἶ

janglos, 8116111130, 25. 14, 63.
1111, Layer 20, 52.
1111111. 37, 48. mags, Mai 25, 63.
111111, 25,1. 1111111111, Wanqe 113113,
jornals, Τ 19111111, 7119111111 1111111111, Herrscaaft4,30. [15.
, 35, 28. 36, 27. 37, 20. 1111111111,11191111111111 16,11.
1111111111, 1111111111 14, 58. 1111111111, 1711911111· 16,]1.
11111111,111111, 36, 35. 41, 25. 32, 4.

malostansa, unpassendee Be·
lags, Milek 25, 32. nahmen, Handela IV, 28.
111111, hellen 41, 12. 1111111111, 3111114,38.
11111, 111111, 1111111111 7, 27. manos, manyelhast 18, 41.
1111111111, 41, 28. mandat, per, 1113111111311-
lanhar, 11, 11111 91111111 27, 28. yraph. 53. 87.
111111, 1111111111, 33, 15. 1111111111, 14, 60. 99, 57.
111111, 29, 49. martir, 11, 11111 1111115111, Bw
111, 8111111191 22, 8. yraplt. 97.
1111111, 8,15. 111111111, 81191. 29. 4319.
11111111, 11111111, l. (oder Μ1111111111011111,Β1“191·.165.

1111111111) 11111111, [16119 Mansred V, 9.
lavanca, 11111111. 1111111131. 1111. [114¹-
Lavaur, 29, 49. 1111111, Malta 27, 58.
11111,11111114ο,41. 1111111111, 81111114, 22.
Lens, Leon 3, 70. Ko'niq von, 1111111111, 11191 16, 34.

25, 65. 27, 72. 11111111, Lolm 40, 43.
leugeiramen, 11111135, 10. 1111111111, 111111111111119 38, 26.
111111, Lecker. 10, 16. 11111811511111, Bioqr. 10. 136.
11111, (Wdlfin), Bioqr. 118. 11111111,1 36, 12.

123. 130. 2, 45. 8, 26. 9, 49. 111111, 1111111111 41, 17. 28. 33.
Lodaro, 7, 83. [36,5. Miquel, deLuzia, Bioyr. 105.
Lodoies, Ludwiq (11111114. Erzenqet 14, 63.

29, 56. mis, Bate 11, 37.
Lombardia‚ 1311191123. 18, 8. 1111111111 23, 58.

41, 35. 44, 72. 45, 33. Monbel, 12, 38.

1011151111, Vereteclcname 12, 1111111111, (11111. 1111111111 de,

17. 1111116141, 15. 37. 1111911119.

 

