155

——---n-

Espanha, 6, 74. 151. 2232.
37, 49· 56.

0091011110, 0191011000 27, 21.

Esquiva·mendics 29, 45.

3110111110, v. 8011110101, 31091.
119.

0011001111, 0111110111ρε11 15, 93.

1111109111, 1010110101 12, 23.

11111111, 0011101111οη 7, 70. 37, 28.
29.

fais, metrai 1110 011 t 10, 32.
me 1011110. sais, 0010101101,
1109ον111101 22, 33.

saitis, 010001 7, 85.

11111110, ses 1, 01003011, Ζ1001-
sel 11, 14.

salsura, 3011011011 VI, 2.

1111111, 8011111110 27, 1.

Faujaus, 80111000 8, 3.

faus, 3110110 6, 51.

ferrans, 91011 22, 35.

1111111, endon 7, 75.

3101011110, 3100001110 V, 1. 7.

Fois, 29, 49.

solatura, 7110143, 29.

101111, 31011, 1111111101 37, 54.

101101, 3111118, 12.

sondro, 09011011, 610010112117.

110110, 6, 75. 12, 49. 32, 53.

Francos, 22, 24. VI, 28.

Fransa, 18, 8. 22, 17. 32, 32.
33,14. 40, 22. 44, 40. ·

3101101100, 29, 57.

11011, 1111110 14, 2. 46.

Friza, 3110010011 41, 13. 21.

11011011, 1111110111 18481*

gabar, 00, 811011 1101300 4513.
Galbae, 81110118, 17.
galhardia, 1101101103 19, 5.

36, 16. =
galiaire, 3011179ον 4, 27. 46, 6.
0011111110, Gawan 27, 41.
gmgs, 11111010 25, 67. ,
garbiers, prahlerioch 12, 2.
Garoias, 3011110110, 31091. 104.
(191. 9, 7.)
30101100, 1101111119 43, 11.
gauisus, 11001. ΙΙ, 22. -
0111001011,301111011,31“090.108.
0010111011, mos, 32, 59. 43, 47,
910100101011010905012447.
Gonnos, Genuam 23, 21. 23,
ffissfflffwst&
Gili, 801111, 3111010011, 31091. 7.
91011, 0011111 41, 14.
grans, 1101114, 74.
grana, 8011011001 18, 46.
gratz, Stuse 24, 58.
0100101090, 0110010, 31090.
11. VI, 52. ’
grilhos, Gitter, 11011007, 57.

. grius, 0101114, 21. 128, 23.)

9110110110,Κ1·109011“11, Feindin
32, 10.

0111900, 30,14.

0111101110, (Romus) 9, 7.

0110101110, Ι1111100110 31091.
107. 011111011011010111
Bioqr. 108. (1300191111 (18
Β10111 31090. 121.

0111111011110110, 18, 26.

1100, 101019, 1101111911, 33.
Israel, 100 01110 de, 14, 39.

 

